kinematics:
  shoulder:
    x: 0
    y: 0
    z: 0.16250000000000001
    roll: -0
    pitch: 0
    yaw: -0
  upper_arm:
    x: 0
    y: 0
    z: 0
    roll: 1.570796327
    pitch: 0
    yaw: -0
  forearm:
    x: -0.42499999999999999
    y: 0
    z: 0
    roll: -0
    pitch: 0
    yaw: -0
  wrist_1:
    x: -0.39219999999999999
    y: 0
    z: 0.1333
    roll: -0
    pitch: 0
    yaw: -0
  wrist_2:
    x: 0
    y: -0.099699999999999997
    z: -2.0448811822978515e-11
    roll: 1.570796327
    pitch: 0
    yaw: -0
  wrist_3:
    x: 0
    y: 0.099599999999999994
    z: -2.0428301480126982e-11
    roll: 1.5707963265897931
    pitch: 3.1415926535897931
    yaw: 3.1415926535897931
  hash: calib_12788084448423163542