kinematics:
  shoulder:
    x: 0
    y: 0
    z: 0.16272574629119244
    roll: -0
    pitch: 0
    yaw: 5.3340127760884148e-08
  upper_arm:
    x: 0.00018204583605399867
    y: 0
    z: 0
    roll: 1.5707010754813879
    pitch: 0
    yaw: -1.6158435824920046e-06
  forearm:
    x: -0.42534250160906051
    y: 0
    z: 0
    roll: 3.1404522008653388
    pitch: 3.1407104527548317
    yaw: -3.1415926324593406
  wrist_1:
    x: -0.39251867547070646
    y: 0.00010969503584298571
    z: 0.1333507629130819
    roll: 3.140770048538994
    pitch: -3.1402798441704762
    yaw: 3.1415891266145106
  wrist_2:
    x: -0.00012225982151893168
    y: -0.099674034095838415
    z: 1.7468313517922743e-05
    roll: 1.5706210723919065
    pitch: 0
    yaw: 1.0430824354777657e-06
  wrist_3:
    x: -5.3530154115216693e-06
    y: 0.09947987614414798
    z: 1.9003517672724651e-05
    roll: 1.5709873555554674
    pitch: 3.1415926535897931
    yaw: 3.141592569314922
  hash: calib_5543142529115310427