# Kinematic calibration parameters for the LEFT arm UR5e robot.
# Machine-generated by the UR `calibration_correction` tool (ur_calibration package).
# DO NOT edit by hand — re-run dual_ur_calibrate.launch.py to regenerate from the real robot.
#
# Consumed by:
#   - tabletop_rig/launch/dual_ur.launch.py          (via left_kinematics_params_file argument)
#   - tabletop_description/launch/dual_rsp.launch.py (forwarded as left_kinematics_params: to xacro)
#
# Structure:
#   kinematics.<link>: Pose correction delta (x/y/z in meters, roll/pitch/yaw in radians) for
#                      each link in the DH kinematic chain, correcting manufacturing tolerances.
#   hash: Unique identifier tying this calibration to a specific physical robot controller.
kinematics:
  shoulder:
    x: 0
    y: 0
    z: 0.16265136928994456
    roll: -0
    pitch: 0
    yaw: -1.6999532653078075e-08
  upper_arm:
    x: 0.00012328298692147269
    y: 0
    z: 0
    roll: 1.5707793822447391
    pitch: 0
    yaw: -2.3658753831590222e-06
  forearm:
    x: -0.42545958412222401
    y: 0
    z: 0
    roll: 3.1402923035245576
    pitch: 3.1407431341882397
    yaw: 3.1415923208852772
  wrist_1:
    x: -0.39240459815658013
    y: -4.8327248052280451e-05
    z: 0.13358167507845825
    roll: 0.00036178050556302961
    pitch: -3.0910436347023178e-05
    yaw: -6.0549888308844224e-07
  wrist_2:
    x: 1.9339747192136541e-05
    y: -0.099523220789558511
    z: 4.7580030979226261e-06
    roll: 1.5707485188254946
    pitch: 0
    yaw: 4.563405219155936e-07
  wrist_3:
    x: 3.5254136209145367e-05
    y: 0.099765905168184121
    z: 8.2044306251051255e-05
    roll: 1.5716186947934379
    pitch: 3.1415926535897931
    yaw: 3.1415926124874058
  hash: calib_809456396757365448
